29640 0.0144928
29700 0.0144928
29760 0.0289855
29820 0.0144928
29880 0.0724638
29940 0.0869565
30000 0.0724638
30060 0.144928
30120 0.173913
30180 0.173913
30240 0.202899
30300 0.217391
30360 0.188406
30420 0.26087
30480 0.289855
30540 0.275362
30600 0.275362
30660 0.275362
30720 0.304348
30780 0.304348
30840 0.304348
30900 0.275362
30960 0.289855
31020 0.318841
31080 0.289855
31140 0.304348
31200 0.347826
31260 0.318841
31320 0.318841
31380 0.347826
31440 0.362319
31500 0.347826
31560 0.333333
31620 0.347826
31680 0.347826
31740 0.405797
31800 0.405797
31860 0.347826
31920 0.376812
31980 0.376812
32040 0.405797
32100 0.42029
32160 0.376812
32220 0.434783
32280 0.405797
32340 0.362319
32400 0.347826
32460 0.391304
32520 0.391304
32580 0.347826
32640 0.405797
32700 0.434783
32760 0.405797
32820 0.391304
32880 0.391304
32940 0.391304
33000 0.405797
33060 0.434783
33120 0.449275
33180 0.434783
33240 0.42029
33300 0.391304
33360 0.449275
33420 0.376812
33480 0.463768
33540 0.42029
33600 0.405797
33660 0.449275
33720 0.391304
33780 0.405797
33840 0.405797
33900 0.463768
33960 0.405797
34020 0.376812
34080 0.347826
34140 0.391304
34200 0.405797
34260 0.405797
34320 0.376812
34380 0.405797
34440 0.391304
34500 0.434783
34560 0.42029
34620 0.434783
34680 0.405797
34740 0.391304
34800 0.405797
34860 0.434783
34920 0.391304
34980 0.391304
35040 0.405797
35100 0.405797
35160 0.347826
35220 0.362319
35280 0.42029
35340 0.405797
35400 0.362319
35460 0.362319
35520 0.405797
35580 0.347826
35640 0.362319
35700 0.304348
35760 0.304348
35820 0.275362
35880 0.289855
35940 0.289855
36000 0.246377
36060 0.188406
36120 0.15942
36180 0.101449
36240 0.144928
36300 0.15942
36360 0.15942
36420 0.173913
36480 0.144928
36540 0.15942
36600 0.144928
36660 0.144928
36720 0.130435
36780 0.15942
36840 0.130435
36900 0.130435
36960 0.130435
37020 0.130435
37080 0.130435
37140 0.173913
37200 0.15942
37260 0.130435
37320 0.130435
37380 0.15942
37440 0.173913
37500 0.188406
37560 0.202899
37620 0.202899
37680 0.217391
37740 0.188406
37800 0.231884
37860 0.188406
37920 0.202899
37980 0.231884
38040 0.202899
38100 0.246377
38160 0.26087
38220 0.231884
38280 0.246377
38340 0.231884
38400 0.231884
38460 0.246377
38520 0.231884
38580 0.217391
38640 0.217391
38700 0.188406
38760 0.246377
38820 0.275362
38880 0.246377
38940 0.231884
39000 0.231884
39060 0.246377
39120 0.231884
39180 0.289855
39240 0.275362
39300 0.318841
39360 0.289855
39420 0.26087
39480 0.304348
39540 0.26087
39600 0.304348
39660 0.26087
39720 0.26087
39780 0.246377
39840 0.202899
39900 0.26087
39960 0.217391
40020 0.217391
40080 0.246377
40140 0.217391
40200 0.26087
40260 0.217391
40320 0.173913
40380 0.188406
40440 0.231884
40500 0.231884
40560 0.26087
40620 0.275362
40680 0.217391
40740 0.231884
40800 0.26087
40860 0.304348
40920 0.26087
40980 0.275362
41040 0.304348
41100 0.246377
41160 0.26087
41220 0.202899
41280 0.275362
41340 0.26087
41400 0.26087
41460 0.26087
41520 0.26087
41580 0.304348
41640 0.26087
41700 0.304348
41760 0.304348
41820 0.275362
41880 0.26087
41940 0.333333
42000 0.318841
42060 0.289855
42120 0.289855
42180 0.304348
42240 0.289855
42300 0.347826
42360 0.347826
42420 0.289855
42480 0.289855
42540 0.289855
42600 0.289855
42660 0.304348
42720 0.26087
42780 0.289855
42840 0.289855
42900 0.26087
42960 0.275362
43020 0.246377
43080 0.26087
43140 0.26087
43200 0.26087
43260 0.231884
43320 0.26087
43380 0.275362
43440 0.289855
43500 0.289855
43560 0.304348
43620 0.275362
43680 0.246377
43740 0.304348
43800 0.275362
43860 0.318841
43920 0.333333
43980 0.304348
44040 0.333333
44100 0.333333
44160 0.362319
44220 0.362319
44280 0.304348
44340 0.26087
44400 0.275362
44460 0.275362
44520 0.289855
44580 0.304348
44640 0.333333
44700 0.333333
44760 0.289855
44820 0.347826
44880 0.275362
44940 0.275362
45000 0.275362
45060 0.304348
45120 0.231884
45180 0.289855
45240 0.26087
45300 0.26087
45360 0.26087
45420 0.26087
45480 0.231884
45540 0.217391
45600 0.130435
45660 0.202899
45720 0.15942
45780 0.144928
45840 0.173913
45900 0.144928
45960 0.101449
46020 0.0869565
46080 0.0724638
46140 0.0869565
46200 0.0724638
46260 0.057971
46320 0.0434783
46380 0.0434783
46440 0.057971
46500 0.0434783
46560 0.0434783
46620 0.0289855
46680 0.0289855
46740 0.0434783
46800 0.0289855
46860 0.0289855
46920 0.0144928
46980 0.0434783
47040 0.0434783
47100 0.0289855
47160 0.0724638
47220 0.0724638
47280 0.057971
47340 0.0724638
47400 0.0724638
47460 0.057971
47520 0.057971
47580 0.0724638
47640 0.0724638
47700 0.101449
47760 0.101449
47820 0.057971
47880 0.0724638
47940 0.0724638
48000 0.0869565
48060 0.0869565
48120 0.101449
48180 0.115942
48240 0.101449
48300 0.115942
48360 0.101449
48420 0.115942
48480 0.115942
48540 0.115942
48600 0.15942
48660 0.15942
48720 0.15942
48780 0.202899
48840 0.188406
48900 0.246377
48960 0.26087
49020 0.289855
49080 0.246377
49140 0.289855
49200 0.289855
49260 0.318841
49320 0.275362
49380 0.318841
49440 0.318841
49500 0.289855
49560 0.275362
49620 0.275362
49680 0.289855
49740 0.275362
49800 0.289855
49860 0.26087
49920 0.26087
49980 0.318841
50040 0.318841
50100 0.304348
50160 0.318841
50220 0.304348
50280 0.333333
50340 0.304348
50400 0.289855
50460 0.289855
50520 0.289855
50580 0.289855
50640 0.304348
50700 0.26087
50760 0.246377
50820 0.289855
50880 0.289855
50940 0.318841
51000 0.318841
51060 0.304348
51120 0.333333
51180 0.289855
51240 0.347826
51300 0.333333
51360 0.362319
51420 0.333333
51480 0.391304
51540 0.333333
51600 0.376812
51660 0.42029
51720 0.362319
51780 0.391304
51840 0.405797
51900 0.333333
51960 0.362319
52020 0.347826
52080 0.347826
52140 0.391304
52200 0.304348
52260 0.333333
52320 0.376812
52380 0.347826
52440 0.333333
52500 0.376812
52560 0.376812
52620 0.304348
52680 0.376812
52740 0.376812
52800 0.391304
52860 0.42029
52920 0.405797
52980 0.391304
53040 0.405797
53100 0.449275
53160 0.449275
53220 0.42029
53280 0.42029
53340 0.405797
53400 0.376812
53460 0.347826
53520 0.405797
53580 0.42029
53640 0.333333
53700 0.362319
53760 0.362319
53820 0.289855
53880 0.362319
53940 0.362319
54000 0.347826
54060 0.333333
54120 0.347826
54180 0.362319
54240 0.362319
54300 0.391304
54360 0.362319
54420 0.391304
54480 0.347826
54540 0.376812
54600 0.376812
54660 0.405797
54720 0.391304
54780 0.391304
54840 0.405797
54900 0.376812
54960 0.391304
55020 0.391304
55080 0.362319
55140 0.362319
55200 0.405797
55260 0.405797
55320 0.362319
55380 0.391304
55440 0.376812
55500 0.376812
55560 0.347826
55620 0.405797
55680 0.391304
55740 0.405797
55800 0.391304
55860 0.434783
55920 0.42029
55980 0.42029
56040 0.434783
56100 0.434783
56160 0.449275
56220 0.405797
56280 0.405797
56340 0.376812
56400 0.42029
56460 0.434783
56520 0.449275
56580 0.463768
56640 0.463768
56700 0.449275
56760 0.449275
56820 0.478261
56880 0.463768
56940 0.434783
57000 0.42029
57060 0.434783
57120 0.449275
57180 0.42029
57240 0.42029
57300 0.463768
57360 0.434783
57420 0.391304
57480 0.434783
57540 0.434783
57600 0.405797
57660 0.405797
57720 0.405797
57780 0.376812
57840 0.42029
57900 0.362319
57960 0.376812
58020 0.391304
58080 0.376812
58140 0.376812
58200 0.391304
58260 0.391304
58320 0.405797
58380 0.376812
58440 0.362319
58500 0.376812
58560 0.362319
58620 0.376812
58680 0.376812
58740 0.376812
58800 0.362319
58860 0.362319
58920 0.333333
58980 0.333333
59040 0.362319
59100 0.347826
59160 0.347826
59220 0.362319
59280 0.376812
59340 0.362319
59400 0.347826
59460 0.391304
59520 0.376812
59580 0.318841
59640 0.362319
59700 0.347826
59760 0.362319
59820 0.318841
59880 0.376812
59940 0.362319
60000 0.333333
60060 0.362319
60120 0.391304
60180 0.362319
60240 0.362319
60300 0.347826
60360 0.376812
60420 0.391304
60480 0.376812
60540 0.376812
60600 0.405797
60660 0.405797
60720 0.405797
60780 0.42029
60840 0.391304
60900 0.391304
60960 0.405797
61020 0.434783
61080 0.434783
61140 0.42029
61200 0.405797
61260 0.391304
61320 0.304348
61380 0.347826
61440 0.362319
61500 0.376812
61560 0.347826
61620 0.362319
61680 0.333333
61740 0.333333
61800 0.289855
61860 0.318841
61920 0.275362
61980 0.318841
62040 0.318841
62100 0.26087
62160 0.289855
62220 0.275362
62280 0.289855
62340 0.275362
62400 0.231884
62460 0.231884
62520 0.202899
62580 0.188406
62640 0.188406
62700 0.15942
62760 0.15942
62820 0.130435
62880 0.101449
62940 0.0869565
63000 0.0869565
63060 0.0869565
63120 0.0724638
63180 0.0724638
63240 0.0724638
63300 0.0434783
63360 0.057971
63420 0.0434783
63480 0.0434783
63540 0.0434783
63600 0.057971
63660 0.0434783
63720 0.0289855
63780 0.0289855
63840 0.0144928
63900 0.0289855
65040 0.0144928
65100 0.0144928
65160 0.0144928
67080 0.0144928
67140 0.0144928
67200 0.0144928
67260 0.0144928
